# x y z
-0.887902 -1.407872 -9.771198
1.105959 0.889368 -5.306017
-1.233526 -2.982825 -7.824166
-0.351179 0.008462 -5.351939
-0.938425 -2.526076 -5.942987
-0.212003 -2.669380 -8.604925
-0.417063 -4.514891 -10.416550
-0.200575 -1.124797 -8.174518
0.495058 -0.998083 -9.146745
-0.377994 -2.355222 -7.052102
1.882780 -0.885748 -7.007910
0.751576 -2.320584 -12.265309
-1.990750 -1.907675 -11.393221
2.153170 -3.777454 -4.998170
-1.800315 0.951366 -8.182744
2.309107 -2.669312 -5.532034
0.208432 -0.548302 -11.246354
1.108062 -3.206782 -6.980846
-0.244168 -2.394794 -8.889578
-0.922064 0.108494 -6.672944
-4.094901 -0.286140 -4.816061
-0.200890 -3.647150 -11.656319
-2.304149 -3.766979 -12.262706
-0.983323 0.054434 -5.962438
0.110650 -2.792063 -6.306747
-1.100577 -3.222145 -8.221954
-4.107891 -3.667272 -4.756884
-3.894926 -3.797713 -8.291731
-1.357043 -0.723042 -12.407616
-1.793232 -2.066312 -7.758107
-1.890759 1.194209 -5.485175
-0.538843 -0.169598 -7.144713
-2.687773 -1.203575 -9.976954
-1.543766 -0.166460 -7.090460
0.227412 -0.851287 -6.357262
0.516176 2.307024 -12.276138
-0.240007 -2.522609 -6.954954
1.635554 -2.543546 -6.529823
-0.280287 -0.699133 -5.517346
-0.029899 -0.176013 -11.244321
-2.382445 -0.646153 -9.745203
-0.976253 0.150307 -7.785350
-2.444662 -2.085855 -12.595601
0.167837 -0.652828 -8.768275
1.943696 -1.463903 -12.422020
-0.889468 -4.663499 -10.179070
1.244622 -2.632337 -5.653870
1.947670 0.936544 -11.854532
-2.367497 1.893596 -6.011597
-4.663627 -3.981476 -9.196161
-0.396622 0.906571 -6.546494
1.428922 0.021419 -11.927211
0.345298 -0.982890 -11.979534
-3.016361 2.328944 -11.026209
2.153965 -3.184332 -6.845823
-2.892462 -0.254853 -6.181731
3.275984 -5.381650 -10.467283
-1.464348 -0.695027 -8.090517
-0.782480 -0.870288 -7.070584
2.095291 -3.299174 -11.260229
1.244189 -4.527330 -7.891976
-0.618517 2.030201 -6.446574
1.976762 -0.884275 -5.247707
-2.802167 -2.169334 -6.490411
0.577046 1.100272 -7.073208
-0.810731 2.074507 -8.466017
0.636115 -0.104361 -8.956980
4.244939 -3.036992 -7.464056
-0.360173 -3.237189 -9.653228
1.076984 -0.146050 -7.972255
0.529836 -0.497959 -10.279019
1.715479 1.141098 -12.806714
1.393627 -0.789862 -7.215761
1.792833 2.887690 -5.883032
2.362493 -1.653963 -13.007916
1.044337 1.023290 -7.488622
1.784675 -1.671385 -9.079394
-0.616175 -0.953721 -9.694380
-3.196996 1.933308 -10.060575
2.041150 -0.046615 -7.826893
2.374875 -0.375434 -11.639065
0.516908 0.129919 -9.101412
-1.445129 2.599947 -10.908171
2.510849 -0.090211 -10.398481
-3.423786 2.521954 -12.454679
-1.824228 -1.718908 -7.381775
-0.501802 -3.109773 -6.133284
-0.575775 -1.170729 -7.735106
-1.552118 1.715497 -11.212910
-3.095025 -2.157756 -6.874548
3.105999 -1.433214 -11.436954
-0.269038 -4.212335 -11.916267
-0.842017 -1.059254 -6.931767
-1.743154 -0.540267 -10.486320
-2.536202 -2.050712 -8.743942
1.942632 2.581930 -5.677247
-2.210318 -1.522413 -9.240772
0.539162 -2.445628 -11.403502
-2.159768 -2.835540 -4.906859
-1.566748 -1.983717 -8.919999
-1.205348 -0.273842 -6.465115
-2.622227 -3.506469 -12.122345
-1.037535 0.579291 -7.148912
-2.193765 -0.388497 -7.480492
-2.447723 -0.551897 -7.168729
-2.243349 -0.487770 -6.991819
-0.047326 -0.566051 -9.793167
2.567496 -3.234248 -12.113650
-0.708889 0.273849 -11.943732
-1.036467 -1.793316 -12.313692
-2.734550 -0.070383 -6.500527
-2.611234 0.026447 -5.197905
-1.322411 -0.408692 -11.017197
-2.126028 -3.008394 -11.192048
-3.467900 0.890286 -12.826178
-1.906709 -3.806686 -11.578165
2.742861 -0.566848 -10.039686
-1.930876 -2.319151 -8.404630
-2.911111 -1.900225 -11.244864
-1.526179 -0.107482 -9.642315
-2.884167 2.962169 -7.744308
-1.076602 0.087453 -10.632196
-2.785712 -0.287007 -11.463275
0.628492 1.287776 -12.108545
-0.377603 -2.117281 -6.560856
-1.172754 -0.138101 -7.393946
-2.057232 -2.072948 -12.111539
1.416089 -2.353898 -8.885115
1.591071 0.026146 -12.286642
1.671760 0.811093 -9.182041
-0.709379 -2.169297 -11.444527
-0.268170 3.541277 -7.390587
-3.702793 -2.423054 -6.918819
-4.420435 -0.427351 -6.931104
1.321148 -4.516865 -5.800835
-0.675628 -1.249482 -5.177108
0.527086 -2.593674 -4.882205
-3.771134 -5.045904 -9.903623
-0.400643 -0.780623 -8.332995
0.000872 -1.804175 -12.536361
-0.162013 -3.269670 -9.302134
0.254273 -1.716675 -10.446753
-0.753414 -2.180984 -8.516141
-1.776199 0.311841 -5.180951
-1.700427 -1.918581 -6.510673
2.983709 -1.461060 -5.526510
-3.536762 0.146125 -12.562838
4.049127 0.606279 -13.211333
1.312684 -1.959010 -10.320585
0.370648 1.260977 -6.625811
1.758675 0.883405 -10.181684
-1.340279 -1.088147 -10.359394
0.373015 0.252102 -11.513087
1.643389 2.668838 -6.220184
-1.462529 -1.655416 -8.698181
0.891564 -1.531416 -11.594442
-3.617243 -2.092476 -12.259041
-4.879521 -2.873866 -7.957859
-2.672705 -2.758192 -11.836958
-1.575917 0.643713 -6.099951
-1.590392 -3.067795 -9.426334
2.302767 -2.509476 -9.847098
4.050789 -1.013724 -8.809713
-3.081648 -2.895543 -10.251925
0.920549 -1.957155 -9.421387
-3.255779 -0.176247 -8.526266
-2.211029 -0.647751 -10.494452
0.808583 -3.354369 -8.161647
-2.729065 0.396834 -9.099388
1.319460 -2.116945 -12.352858
0.065505 -0.818358 -12.139173
-2.756551 -2.873813 -11.496110
-1.111582 -1.359301 -10.967372
4.470966 1.192629 -7.223811
-1.495919 1.684671 -9.369440
-4.279467 -0.367813 -11.629885
-0.216477 -1.042512 -7.759397
-2.797784 -1.892824 -8.004299
-2.232629 -2.343201 -5.617101
0.228207 -1.830041 -6.527349
-0.228595 -2.590215 -7.029305
2.017946 -3.286712 -10.718259
1.696887 2.428977 -10.292002
-0.612598 0.216194 -12.114120
0.361658 0.431891 -5.403203
4.090932 2.959924 -8.988433
-2.231495 -1.253098 -10.625705
-1.754723 1.062632 -7.620379
-3.686615 -3.927773 -9.113794
2.002485 -1.552086 -12.555733
2.655409 0.750845 -11.645004
-1.654268 -0.422508 -6.457482
0.410831 -0.381038 -10.832395
-5.968692 -1.472403 -12.130779
-0.072165 -1.417446 -8.822291
0.103348 -4.145397 -8.759434
-0.309735 -1.445214 -12.275551
1.020465 -3.332981 -9.162373
-0.263228 1.787129 -10.879992
0.164396 1.182105 -5.496887
