# opacity
0.155645
0.100000
0.100000
0.100000
0.100000
0.100000
0.100000
0.155585
0.100004
0.100000
0.100000
0.155891
0.155652
0.100000
0.100000
0.100000
0.153488
0.100000
0.100000
0.100000
0.100000
0.100000
0.100000
0.100000
0.100000
0.100000
0.100000
0.100000
0.153476
0.100000
0.100000
0.155237
0.100000
0.100000
0.100004
0.100000
0.100000
0.100000
0.109388
0.155602
0.100000
0.100000
0.100000
0.155580
0.100000
0.100000
0.100000
0.100000
0.100000
0.100000
0.100000
0.100000
0.155586
0.100000
0.100000
0.100000
0.100000
0.100000
0.155624
0.100000
0.100000
0.100000
0.100000
0.100000
0.100000
0.100000
0.100000
0.100000
0.100000
0.100000
0.155842
0.100000
0.100000
0.100000
0.100000
0.100000
0.100000
0.155611
0.100000
0.100000
0.100000
0.100000
0.100000
0.100000
0.100000
0.100000
0.100000
0.155597
0.100000
0.100000
0.100000
0.100000
0.155597
0.130980
0.100000
0.100000
0.100000
0.119588
0.100000
0.155774
0.100000
0.100000
0.100000
0.100000
0.100000
0.100000
0.155680
0.100000
0.100000
0.155722
0.100000
0.100000
0.155600
0.100000
0.100000
0.100000
0.100000
0.100000
0.100000
0.155837
0.100000
0.100000
0.100000
0.100000
0.100000
0.147992
0.155607
0.100000
0.100000
0.100000
0.155595
0.100000
0.100000
0.100000
0.100000
0.100000
0.100000
0.100000
0.155581
0.155610
0.100000
0.155583
0.100000
0.100000
0.100000
0.100000
0.100000
0.100000
0.100000
0.100000
0.100000
0.066181
0.100000
0.100000
0.155781
0.100000
0.100000
0.100000
0.100000
0.100000
0.100000
0.100000
0.100000
0.100000
0.100000
0.100000
0.100000
0.100000
0.100000
0.100000
0.147579
0.100000
0.155599
0.100000
0.100000
0.100000
0.155596
0.100000
0.100000
0.100000
0.100000
0.100000
0.100000
0.100000
0.100000
0.100000
0.100000
0.100000
0.100000
0.100000
0.100000
0.100000
0.148728
0.100000
0.132973
0.100000
0.155579
0.100000
0.100000
0.100000
